 season id = 8 (PHI/omega 2018)
energy - Lruns - Lpoint  - delta L, % - L stat err
501     519.365 519.365 -2.50306e-05    0.996744
503     1232.43 1232.43 -0.000211169    1.54306
505     454.855 454.856 -0.000140616    0.94111
508     548.972 548.972 4.00749e-05     1.0394
508.5   1395.09 1395.09 0.000226508     1.6559
509     979.505 979.506 -5.54361e-05    1.38908
509.5   2621.62 2621.62 -0.000106442    2.27821
510     2041.31 2041.31 0.000203173     2.01353
510.5   1053.46 1053.46 0.000249653     1.44786
511     780.307 780.307 -2.71688e-05    1.24862
511.5   561.27  561.27  9.08654e-06     1.06109
514     520.924 520.924 -8.0626e-05     1.02696
517     538.229 538.229 3.28856e-05     1.05109
520     489.345 489.344 0.000171454     1.00552
525     601.458 601.459 -0.000141323    1.12523
530     544.663 544.663 8.44558e-05     1.08181
