60177 60178 60179 60180 60181 60182 
60183 60184 60185 60186 60187 60188
60189 60190 60191 60192 60193 60194
60195

60501 60502 60503 60504 60505 60506 
60507 60508 60509 60510 60511 60512
60513 60514 60515 60516 60517 60518 
60519 60520 60719 60720 60721 60722 
60723 60724 60725 60726 60727 60728 
60729 60730 60731 60732 60733 60734 
60735 60736 60737 60738 60739
 
60740 60741 60742 60743 60744 60745 
60746 60747 60748 60749 60750 60751
60752 60753 60754 60755 60756 60757 
60758 60759 60760 60761 60762 60763
60764 60765 60766 60767 60768 60769 
60770 60771 60772 60773 60774 60775
60776 60777 60778 60779 60780